1000
356
597
821
815
169
21
243
759
438
440
816
1055
1091
784
81
396
793
87
454
445
975
683
764
658
589
1073
798
206
1018
413
279
233
952
1093
119
972
1053
595
28
393
311
1082
384
1095
880
498
788
684
669
950
560
253
614
935
559
305
151
1074
228
886
106
506
20
1057
217
955
647
170
451
674
280
761
375
382
474
155
879
980
839
448
830
17
418
63
951
976
85
819
313
606
774
536
625
449
753
198
922
648
103
484
501
916
1080
381
373
146
929
389
564
709
158
777
826
823
283
218
260
666
1012
822
661
552
89
1048
654
116
855
334
525
835
715
897
981
262
1003
163
970
961
320
638
864
1081
82
811
702
209
263
790
974
635
905
584
390
140
943
572
342
542
833
245
422
421
923
741
801
179
223
623
205
696
852
133
299
778
114
1088
653
748
612
954
469
680
416
1040
1021
675
491
984
1096
911
807
456
330
986
678
671
420
600
1092
352
33
848
838
350
1072
712
818
652
29
476
292
966
176
700
591
825
304
724
487
458
556
766
208
1045
579
296
112
192
831
1037
773
358
74
948
493
569
548
294
570
688
407
194
75
512
369
630
996
576
336
521
791
633
534
903
266
285
197
191
272
264
483
550
888
184
561
871
967
269
663
98
637
1011
930
563
329
70
254
679
603
874
121
586
59
35
776
307
758
789
1025
145
502
462
354
771
842
26
444
956
1033
188
887
246
779
1008
832
760
226
571
1066
701
645
755
627
346
902
397
267
1071
423
738
858
129
167
256
37
716
796
660
282
481
261
644
953
605
333
199
54
1059
441
708
927
1016
19
695
147
580
183
196
459
894
834
3
57
53
946
928
12
288
368
713
863
6
538
410
24
430
268
344
99
620
278
650
340
743
425
392
590
122
754
489
1069
805
507
828
547
76
349
434
505
616
504
705
665
16
1032
355
357
746
651
327
867
963
780
1043
207
486
168
752
1
366
335
587
214
13
1009
878
610
529
885
845
222
113
331
910
690
1064
794
726
809
840
601
15
772
1023
251
175
921
582
737
43
412
1067
944
1039
252
530
236
583
224
86
567
667
551
95
736
869
109
408
100
849
676
992
372
884
682
800
244
740
478
496
987
431
517
813
308
49
134
399
850
9
939
892
240
229
32
639
520
883
104
46
792
692
877
786
728
101
629
747
757
703
452
526
689
309
171
979
68
235
347
770
804
973
933
659
1026
180
284
808
720
325
362
851
429
599
900
41
820
135
515
693
433
348
1070
360
531
150
51
532
270
537
143
732
321
394
836
322
545
901
10
622
159
672
300
55
477
509
618
395
71
1020
442
364
508
861
249
80
61
799
139
463
216
685
286
1022
115
379
925
604
686
137
401
539
1014
324
378
221
162
351
1084
287
73
1086
338
317
470
204
56
58
711
719
691
77
965
361
67
66
405
468
585
1061
482
391
255
1056
926
960
918
44
697
626
211
704
543
769
947
52
881
872
93
978
1079
117
148
23
1007
4
457
428
936
917
231
1062
388
1036
96
924
190
714
718
435
490
968
161
411
725
202
181
174
546
797
624
290
1050
237
258
365
472
1078
673
69
467
817
318
1027
447
488
913
1042
907
234
1065
500
200
172
230
14
1077
257
1052
138
958
90
641
186
426
1090
598
744
367
998
721
519
957
471
1054
942
734
1089
860
319
127
566
64
1019
514
156
339
613
634
615
795
374
118
314
8
403
40
656
562
983
276
988
844
914
443
893
993
131
424
1085
215
1001
643
723
259
756
1000
419
343
149
908
739
30
846
904
549
227
810
271
34
497
971
185
775
1038
619
524
47
1004
461
91
812
763
1075
273
574
668
62
915
750
250
602
649
596
1099
195
557
310
154
88
102
749
480
824
1060
142
899
124
432
854
238
814
568
733
126
1017
274
1013
803
1034
1063
173
670
1024
141
178
316
38
203
730
588
664
446
964
11
982
527
157
636
1047
806
50
450
513
535
402
359
65
608
578
337
475
232
1051
699
581
906
453
380
92
247
1028
898
1083
265
7
631
460
989
241
306
387
400
994
1087
1005
219
18
919
609
404
687
125
949
277
555
727
427
455
533
565
406
611
293
302
710
1097
870
707
1015
722
628
762
862
890
876
36
934
541
341
213
289
621
765
182
856
1098
415
439
495
105
189
108
891
297
220
882
1094
632
868
201
436
787
386
859
165
745
593
607
345
1029
210
544
60
729
995
323
153
962
767
841
677
130
97
909
25
662
640
479
193
2
303
528
997
945
27
1068
136
706
107
1046
959
558
45
1035
785
120
554
295
941
31
78
465
94
326
291
128
187
516
1041
409
398
873
152
1058
376
751
802
843
377
301
742
353
642
522
42
768
655
1030
889
